camera_mat:
- - 3680.042129502872
  - 0.0
  - 1256.6000741921816
- - 0.0
  - 3653.6953642193
  - 941.0130601671472
- - 0.0
  - 0.0
  - 1.0
distortion:
- - -0.4247605546888722
  - 1.1823275524383312
  - 0.003480908050711889
  - 0.004037559349040462
  - -6.706723033975576
image_shape:
- 2464
- 2056
rotation:
- - - 0.11413918399167332
  - - 0.17418429675627137
  - - 1.3251994949807118
- - - 0.07622853597306378
  - - -0.05399169925726097
  - - -1.563021723932375
- - - -0.0526165594074226
  - - -0.024727471737427932
  - - -1.3760294774314457
- - - 0.08046365315020594
  - - -0.09213065335873392
  - - 1.556703768954112
- - - -0.059882496129115774
  - - -0.012695089828690553
  - - -1.4880698649665196
- - - 0.007522464963415735
  - - -0.004724815912728372
  - - -1.357953647913378
- - - 0.019066697391517933
  - - 0.01816678935445129
  - - -1.5148627822892737
- - - 0.17216095050745422
  - - -0.2556677645734491
  - - -1.4952751414114591
- - - 0.657889227557238
  - - -0.7759411378898725
  - - -1.4438145198449892
- - - -0.08344818161717794
  - - -0.26978693634878465
  - - 1.1081570781021703
- - - -0.24598821190151202
  - - 0.05681553651818761
  - - 1.4634797952299265
- - - 0.2745303373970284
  - - -0.3582517441935256
  - - -1.563366519993373
- - - -0.032172339040619766
  - - 0.06015416495919979
  - - 1.587957141163143
- - - 0.13824809440516367
  - - -0.06126242636200479
  - - 1.5447017020166411
- - - 0.02415150814425213
  - - 0.08888750537213723
  - - 1.5889769199442867
- - - 0.08425015600047488
  - - -0.03771243241549364
  - - 1.5674034698663146
- - - 0.020136638135211427
  - - 0.05362024505492747
  - - 1.5491704500905215
- - - -0.022995381503775978
  - - -0.04844845732174863
  - - -1.490066296233736
- - - -0.07293066184997234
  - - -0.184364556634455
  - - -1.488391696353641
- - - -0.14013569064994197
  - - -0.036561426121324396
  - - 1.3076946838902828
- - - -0.03532714641427229
  - - -0.20061976210914723
  - - -1.5261148853374058
- - - 0.08201071705927919
  - - 0.16167083333427593
  - - -1.5630102633917278
- - - 0.006612831621094231
  - - -0.05838546125980233
  - - -1.489929234006493
- - - 0.5534350486281846
  - - -0.6217286955754602
  - - -1.4982110705865266
- - - -0.09724782687562589
  - - 0.10590760593057685
  - - -1.513300570909215
- - - -0.02854036179948929
  - - 0.0178721929871173
  - - 1.5285965485819395
- - - -0.05853037133328773
  - - 0.06338700596492645
  - - -1.5398490139893328
- - - -0.022002021525589156
  - - -0.02505795996263623
  - - -1.4659977534102602
- - - -0.01631172266869454
  - - -0.05503527812518538
  - - 1.5420834695478565
- - - 0.013418734128348805
  - - -0.09816804703038186
  - - -1.5292228561883399
- - - 0.33352126466333304
  - - -0.376449603550788
  - - -1.5617127985378179
translation:
- - - -0.9373501749523944
  - - -1.6005398701944105
  - - 16.60247567428781
- - - -2.6029656424505685
  - - 3.9697009292889445
  - - 14.708144137799936
- - - -3.2329993685470853
  - - 2.8718483321829074
  - - 15.349894180233091
- - - 1.416159422207289
  - - -2.703601894692042
  - - 14.38296549470349
- - - -2.815082308923107
  - - 3.1588312609620885
  - - 15.481460252722268
- - - -4.221909906411723
  - - 2.050378082871677
  - - 15.410578865794669
- - - -4.140653645452371
  - - 3.626536021467998
  - - 14.530738941352022
- - - -2.5231216908509237
  - - 3.0141989498091366
  - - 15.196407387385308
- - - -1.212880264613257
  - - 2.729776859814047
  - - 14.440330516315303
- - - -4.45822087065331
  - - -1.7719373676597565
  - - 24.235732495995975
- - - -0.48011407387232546
  - - -3.771316967375495
  - - 28.69917753063282
- - - -4.020125366344371
  - - 2.946053837755853
  - - 15.340578776808647
- - - 1.9924841468397094
  - - -3.83497556564423
  - - 19.767944602938634
- - - 1.692543752679672
  - - -2.7280971774732774
  - - 14.683048187077567
- - - 0.8203132938105269
  - - -2.209242577232053
  - - 15.468174325889734
- - - 1.9964377165175768
  - - -2.851236825356877
  - - 15.305530349173365
- - - 1.0653944666858668
  - - -2.4449113053646236
  - - 15.555799797832277
- - - -3.9676241446515563
  - - 3.6718642049780237
  - - 16.529065907962867
- - - -3.6870431585377483
  - - 3.256226929043044
  - - 17.278117741785653
- - - -2.52994888577246
  - - -3.1015925779337588
  - - 26.88626134299822
- - - -3.575894061368952
  - - 3.5058577220727702
  - - 19.385359721826095
- - - -3.4209672533943087
  - - 0.7420163293306036
  - - 23.936792270442368
- - - -2.431926350273873
  - - 3.266054173024779
  - - 15.324976126983078
- - - -1.6142188980632932
  - - 3.3737414611027567
  - - 14.43179654989456
- - - -1.9173665228691525
  - - 2.8786496590220128
  - - 16.43519818907519
- - - 1.05131548775447
  - - -2.8471993089785674
  - - 16.532317524264485
- - - -2.3414277549407867
  - - 3.292709203300989
  - - 15.908183702648495
- - - -3.36830190441478
  - - 3.124178836999241
  - - 15.012649430197772
- - - 1.2248397296273406
  - - -2.7930058415984598
  - - 15.143897753584413
- - - -2.0507667766237647
  - - 2.9770432828959263
  - - 15.467533198070043
- - - -2.8159172214852286
  - - 3.036711194202891
  - - 13.728996321362729
