camera_mat:
- - 3680.042043453094
  - 0.0
  - 1256.600044806413
- - 0.0
  - 3653.6952793615
  - 941.0130700098508
- - 0.0
  - 0.0
  - 1.0
distortion:
- - -0.42476054468010893
  - 1.182327713899591
  - 0.003480907660429862
  - 0.00403756224311363
  - -6.706723933269138
rotation:
- - - -0.032172335103639677
  - - 0.06015416373341947
  - - 1.5879571415698364
- - - -0.0729306622152479
  - - -0.18436455046481554
  - - -1.4883916960239598
- - - -0.022995379436935835
  - - -0.04844845526290886
  - - -1.4900662959784485
- - - -0.24598820555538328
  - - 0.0568155389125741
  - - 1.4634797961528612
- - - -0.14013568817622676
  - - -0.036561425797976756
  - - 1.3076946841219594
- - - -0.08344817549124309
  - - -0.2697869317827984
  - - 1.1081570781812318
- - - 0.08201071754240072
  - - 0.1616708363524091
  - - -1.563010263693624
- - - -0.0353271476797704
  - - -0.2006197551805719
  - - -1.5261148851932964
- - - -0.028540359620635492
  - - 0.01787219146211292
  - - 1.5285965487881783
- - - 0.27453033350062556
  - - -0.35825173603889243
  - - -1.5633665211825973
- - - -0.02200201982426109
  - - -0.025057958017905075
  - - -1.4659977532251955
- - - 0.007522466238036455
  - - -0.004724814551358836
  - - -1.357953647851746
- - - 0.019066698751691986
  - - 0.018166790477046422
  - - -1.514862782271765
- - - 0.020136639654056737
  - - 0.05362024329617962
  - - 1.549170450304158
- - - -0.09724782632988153
  - - 0.10590760775565682
  - - -1.5133005707565759
- - - 0.0842501566274572
  - - -0.03771243202345704
  - - 1.5674034694819787
- - - 0.13824809574144406
  - - -0.06126242479109498
  - - 1.544701701407065
- - - 0.08046365472820356
  - - -0.09213065214416806
  - - 1.5567037684370324
- - - -0.016311720422672905
  - - -0.05503527832467061
  - - 1.5420834694229064
- - - 0.07622853596470675
  - - -0.053991695323797856
  - - -1.5630217241070063
- - - 0.333521260368015
  - - -0.37644959518959253
  - - -1.5617128000231737
- - - 0.5534350440942936
  - - -0.6217286874282724
  - - -1.4982110730889922
- - - 0.6578892234873237
  - - -0.7759411295437392
  - - -1.4438145230760753
- - - 0.17216094710662858
  - - -0.25566775611962006
  - - -1.4952751422020496
- - - -0.05988249423727004
  - - -0.012695087747663723
  - - -1.488069864692013
- - - -0.05261655764296795
  - - -0.024727469587077285
  - - -1.3760294771590091
- - - 0.024151509905270367
  - - 0.08888750368441328
  - - 1.588976920281004
- - - 0.11413918539953122
  - - 0.17418429670941338
  - - 1.3251994950960042
- - - -0.05853037012214418
  - - 0.06338700707438916
  - - -1.5398490139113958
- - - 0.006612832742529976
  - - -0.05838545788535531
  - - -1.4899292339227332
- - - 0.013418734300921826
  - - -0.09816804198698935
  - - -1.5292228561424392
translation:
- - - 1.9924843045441023
  - - -3.8349756185840893
  - - 19.767944131812
- - - -3.6870430194670565
  - - 3.256226881549577
  - - 17.278117344505972
- - - -3.9676240121335535
  - - 3.6718641593771313
  - - 16.529065528270202
- - - -0.4801138457184664
  - - -3.771317045045344
  - - 28.69917685683147
- - - -2.5299486720645055
  - - -3.101592650462915
  - - 26.886260713185308
- - - -4.458220674877496
  - - -1.7719374335037195
  - - 24.23573191536815
- - - -3.4209670652997692
  - - 0.742016265493052
  - - 23.93679174032383
- - - -3.5758939056818373
  - - 3.505857669296703
  - - 19.3853592764097
- - - 1.0513156196071467
  - - -2.8471993533574604
  - - 16.53231713368059
- - - -4.020125243662289
  - - 2.94605379589847
  - - 15.340578420886496
- - - -3.3683017843600993
  - - 3.1241787957563267
  - - 15.012649086081403
- - - -4.2219097833026416
  - - 2.050378040899773
  - - 15.41057851039562
- - - -4.140653530048066
  - - 3.6265359821451777
  - - 14.530738610804404
- - - 1.0653945913915441
  - - -2.4449113471989063
  - - 15.555799432043328
- - - -1.9173663940753631
  - - 2.878649614795883
  - - 16.435197824961488
- - - 1.9964378397069196
  - - -2.851236868159371
  - - 15.30552998774366
- - - 1.6925438710366005
  - - -2.7280972191273714
  - - 14.683047836206368
- - - 1.4161595375214637
  - - -2.703601934916105
  - - 14.382965150789621
- - - 1.224839850305062
  - - -2.7930058826676167
  - - 15.143897393129178
- - - -2.602965524277053
  - - 3.969700889479024
  - - 14.708143804391232
- - - -2.81591711186657
  - - 3.036711156895931
  - - 13.728996003711966
- - - -1.614218782379191
  - - 3.3737414216059705
  - - 14.431796203621978
- - - -1.2128801486800416
  - - 2.7297768209333704
  - - 14.440330161598252
- - - -2.5231215695703475
  - - 3.0141989087812484
  - - 15.196407041116204
- - - -2.8150821855914256
  - - 3.1588312183716867
  - - 15.48145989985792
- - - -3.232999245988857
  - - 2.871848289790672
  - - 15.34989382887378
- - - 0.8203134177685324
  - - -2.209242618711793
  - - 15.468173962741693
- - - -0.9373500425528867
  - - -1.6005399152324369
  - - 16.60247528931456
- - - -2.341427629550812
  - - 3.2927091604080974
  - - 15.908183344512894
- - - -2.431926227176632
  - - 3.2660541312146316
  - - 15.324975776614624
- - - -2.050766652332594
  - - 2.9770432408497314
  - - 15.467532845490817
